# unix_time, cycles_done, cur_path, paths_total, pending_total, pending_favs, map_size, unique_crashes, unique_hangs, max_depth, execs_per_sec
1569777087, 0, 0, 1, 1, 1, 0.11%, 0, 0, 1, 23.60
1569777092, 0, 0, 6, 6, 1, 0.17%, 0, 0, 2, 27.08
1569777098, 0, 0, 8, 8, 1, 0.17%, 0, 0, 2, 27.69
1569777113, 0, 0, 9, 9, 1, 0.17%, 0, 0, 2, 27.98
1569777139, 0, 0, 11, 11, 1, 0.17%, 0, 0, 2, 28.12
1569777144, 0, 0, 16, 16, 1, 0.18%, 0, 0, 2, 28.11
1569777149, 0, 0, 27, 27, 1, 0.20%, 0, 0, 2, 28.08
1569777154, 0, 0, 36, 36, 1, 0.21%, 0, 0, 2, 28.15
1569777159, 0, 0, 45, 45, 1, 0.22%, 0, 0, 2, 28.10
1569777164, 0, 0, 49, 49, 1, 0.22%, 0, 0, 2, 28.07
1569777170, 0, 0, 52, 52, 1, 0.22%, 0, 0, 2, 28.09
1569777175, 0, 0, 56, 56, 1, 0.22%, 0, 0, 2, 28.07
1569777180, 0, 0, 57, 57, 1, 0.22%, 0, 0, 2, 27.93
1569777185, 0, 0, 59, 59, 1, 0.22%, 1, 0, 2, 27.94
1569777190, 0, 0, 62, 62, 1, 0.22%, 1, 0, 2, 28.00
1569777195, 0, 0, 62, 62, 1, 0.22%, 2, 0, 2, 28.11
1569777200, 0, 0, 63, 63, 1, 0.22%, 2, 0, 2, 28.06
1569777211, 0, 0, 64, 64, 1, 0.22%, 2, 0, 2, 27.73
1569777221, 0, 0, 64, 64, 1, 0.22%, 3, 0, 2, 28.06
1569777231, 0, 0, 65, 65, 1, 0.22%, 3, 0, 2, 28.11
1569777236, 0, 0, 66, 66, 1, 0.22%, 4, 0, 2, 27.18
1569777241, 0, 0, 67, 67, 1, 0.23%, 4, 0, 2, 27.68
1569777247, 0, 0, 68, 68, 1, 0.23%, 4, 0, 2, 27.89
1569777252, 0, 0, 69, 69, 1, 0.23%, 4, 0, 2, 28.03
1569777262, 0, 0, 70, 70, 1, 0.23%, 4, 0, 2, 28.02
1569777277, 0, 0, 70, 70, 1, 0.23%, 5, 0, 2, 28.06
1569777308, 0, 0, 71, 71, 1, 0.24%, 5, 0, 2, 28.06
1569777329, 0, 0, 72, 72, 1, 0.24%, 5, 0, 2, 28.06
1569777349, 0, 0, 72, 72, 1, 0.24%, 6, 0, 2, 27.95
1569777375, 0, 0, 73, 73, 1, 0.24%, 6, 0, 2, 27.91
1569777396, 0, 14, 73, 72, 16, 0.24%, 6, 0, 2, 27.99
1569777472, 0, 15, 73, 71, 15, 0.24%, 6, 0, 2, 26.78
1569777493, 0, 19, 73, 70, 14, 0.24%, 6, 0, 2, 26.79
